2x^2+9-2=0
D=(9)^2-4*2*-2=97
Корни есть
x1=((-1)*9+(D)^1/2)/(2*2)=0.212214
x2=((-1)*9-(D)^1/2)/(2*2)=-4.71221

x^2-7=0
D=(0)^2-4*1*-7=28
Корни есть
x1=((-1)*0+(D)^1/2)/(2*1)=2.64575
x2=((-1)*0-(D)^1/2)/(2*1)=-2.64575

x^2+5=0
D=(5)^2-4*1*0=25
Корни есть
x1=((-1)*5+(D)^1/2)/(2*1)=0
x2=((-1)*5-(D)^1/2)/(2*1)=-5

